# Created by Octave 3.2.4, Sun Nov 27 15:30:27 2011 IST <electron@electron>
# name: eff_mat
# type: matrix
# rows: 8
# columns: 8
 0.435 0.9399999999999999 0.955 0.855 0.82 0.82 0.8149999999999999 0.82
 0.435 0.9399999999999999 0.955 0.86 0.8149999999999999 0.8149999999999999 0.8149999999999999 0.82
 0.435 0.9399999999999999 0.955 0.92 0.825 0.82 0.82 0.8149999999999999
 0.435 0.9399999999999999 0.965 0.945 0.895 0.82 0.82 0.8149999999999999
 0.435 0.9350000000000001 0.97 0.9350000000000001 0.925 0.84 0.82 0.82
 0.435 0.92 0.965 0.925 0.905 0.91 0.82 0.82
 0.435 0.92 0.93 0.93 0.915 0.92 0.84 0.82
 0.435 0.92 0.9399999999999999 0.9399999999999999 0.915 0.9350000000000001 0.91 0.8149999999999999
